Briana
Benz
8
26
27
33
47
65
66
9999
Maddie
Boucias
1
1
5
8
33
68
68
9999
Samantha
Cairns
0
9
11
11
27
33
44
9999
Kylee
Cole
8
11
11
25
35
50
57
9999
Erin
Crosby
1
1
5
8
44
50
9999
9999
Jacob
Cross
10
25
36
45
45
69
9999
9999
Laurel
Derose
11
11
24
26
32
50
69
9999
Cherokee
Hunt
9
25
42
44
63
64
9999
9999
Dennis
O'Dea
10
24
35
36
44
64
9999
9999
Alex
Purington
0
8
25
44
69
9999
9999
9999
Bruce
Dupree
0
8
26
32
44
65
9999
9999
Levin
Dupree
8
25
44
47
60
9999
9999
9999
Megan
Grant
0
10
26
32
36
50
9999
9999
Heather
Greene
0
8
26
32
36
44
9999
9999
Jackson
Guin
0
8
10
44
58
59
9999
9999
Emma
Guyette
10
11
11
21
21
32
44
59
Carly
Hallenbeck
0
8
25
32
44
9999
9999
9999
James
Harding
10
11
11
21
21
49
49
9999
Hannah
Kelleher
8
24
26
27
44
56
57
9999
Cassie
Kudlay
8
10
44
9999
9999
9999
9999
9999
Lindsay
Kuglar
8
27
32
44
47
9999
9999
9999
Kayla
Kurland-Davis
8
10
11
11
27
48
57
9999
Spencer
Laffond
0
8
9
32
44
47
9999
9999
Sequoia
LeBroux
10
11
11
21
21
27
50
9999
Hope
Lively
0
9
11
11
27
32
44
9999
Sarah
Malone
25
27
32
50
9999
9999
9999
9999
Lief
Miraglia
8
11
11
25
32
44
66
9999
Aaron
Nelson
10
21
21
36
60
61
62
69
Jannelle
O'Connell
0
8
32
50
56
9999
9999
9999
Cam
Olanyk
0
8
10
36
44
48
68
9999
Isabelle
Ovitt
8
44
9999
9999
9999
9999
9999
9999
Issac
Paige
8
24
32
48
68
9999
9999
9999
Joshua
Paige
8
33
44
60
61
63
64
9999
Austin
Pervechio
0
8
23
26
44
9999
9999
9999
Sam
Rode
8
10
11
11
48
57
70
9999
Kelsey
Scranton
0
5
8
26
32
55
9999
9999
Gabe
Seaver
0
8
33
9999
9999
9999
9999
9999
Juliette
Shean
0
8
10
11
11
27
48
69
Sally
Slowinski
8
11
11
24
32
50
59
69
Sam
Smithers
0
8
24
26
44
66
9999
9999
Brigit
Taylor
0
8
25
32
50
65
9999
9999
Norah
Tower
8
33
44
9999
9999
9999
9999
9999
Erin
Townsley
8
32
9999
9999
9999
9999
9999
9999
Stephen
Vaun-Haug
0
8
25
44
47
60
9999
9999
Justin
Ward
0
8
26
36
45
45
54
9999
Eli
Whickland-Shearer
13
13
21
21
70
9999
9999
9999
Brianna
Willis
8
33
44
9999
9999
9999
9999
9999
Colton
Yezerski
0
8
32
9999
9999
9999
9999
9999
Abigail
Boswell
6
17
19
25
32
42
9999
9999
Maximillian
Car
21
21
34
45
45
55
71
71
Jessie
Clark
5
17
19
32
47
63
64
9999
Zachary
Coburn
6
17
19
25
32
42
55
9999
Brianna
Coruier
1
1
5
17
19
30
32
40
Tori
Cusimano
7
36
44
55
56
71
71
9999
Mahalia
Dean
7
36
47
55
71
71
9999
9999
Seth
Donovan
5
17
19
25
32
42
63
9999
Olivia
Dubrule
7
18
20
32
44
9999
9999
9999
Riley
Dupree
13
13
36
44
47
66
71
71
Loyd
Ellis
5
32
44
64
9999
9999
9999
9999
Matthew
Jimal
6
17
19
25
32
42
9999
9999
Hunter
Alan
13
13
71
71
36
69
48
55
Sarah
Gokey
13
13
27
71
71
30
32
33
Zachary
Gooden
5
17
21
21
32
44
45
45
Adam
Hallenbeck
5
7
44
52
61
9999
9999
9999
Jonathan
Herbert
13
13
18
30
44
9999
9999
9999
Geneva
Hobbs
1
6
17
19
23
30
42
54
Ada
J-C
1
1
5
18
20
30
42
60
Kaylee
Kelleher
5
17
19
33
42
55
9999
9999
Christina
Lively
7
18
20
34
45
45
55
9999
Hayley
Lowell
5
25
27
71
71
36
48
9999
Makenzie
Mahew
1
6
17
19
23
30
42
54
Daneil
Minor
5
7
24
71
71
34
44
9999
Emma
Nusante
13
13
18
20
27
30
42
65
Kayla
Baus
0
10
11
11
26
27
32
9999
Cy
Farra
0
8
25
33
47
9999
9999
9999
Kelsey
Grover
0
8
26
32
44
9999
9999
9999
Zach
Arfa
0
10
27
36
50
66
9999
9999
Lexy
Boron-Smith
11
11
21
21
33
66
9999
9999
Julian
Diamond
0
21
21
32
54
55
68
9999
Dan
Burke
0
23
32
36
69
9999
9999
9999
Taylor
Brown
8
25
27
32
44
47
9999
9999
Eddie
Muenkle
8
10
32
35
70
48
57
9999
Amar
Abbatiello
0
8
25
36
69
39
9999
9999
Nifasof
sfxzczxc
1
3
6
15
17
18
9999
9999
