Briana
Benz
23
27
9999
9999
9999
9999
9999
9999
9999
9999
9999
9999
9999
9999
9999
9999
Maddie
Boucias
2
9999
9999
9999
9999
9999
9999
9999
9999
9999
9999
9999
9999
9999
9999
9999
Samantha
Cairns
6
23
9999
9999
9999
9999
9999
9999
9999
9999
9999
9999
9999
9999
9999
9999
Kylee
Cole
12
14
9999
9999
9999
9999
9999
9999
9999
9999
9999
9999
9999
9999
9999
9999
Erin
Crosby
4
8
12
9999
9999
9999
9999
9999
9999
9999
9999
9999
9999
9999
9999
9999
Jacob
Cross
6
27
9999
9999
9999
9999
9999
9999
9999
9999
9999
9999
9999
9999
9999
9999
Laurel
Derose
9999
9999
9999
9999
9999
9999
9999
9999
9999
9999
9999
9999
9999
9999
9999
9999
Cherokee
Hunt
5
6
9
12
9999
9999
9999
9999
9999
9999
9999
9999
9999
9999
9999
9999
Dennis
O'Dea
29
9999
9999
9999
9999
9999
9999
9999
9999
9999
9999
9999
9999
9999
9999
9999
Alex
Purington
9
21
27
28
9999
9999
9999
9999
9999
9999
9999
9999
9999
9999
9999
9999
Bruce
Dupree
9
23
28
9999
9999
9999
9999
9999
9999
9999
9999
9999
9999
9999
9999
9999
Levin
Dupree
2
27
28
9999
9999
9999
9999
9999
9999
9999
9999
9999
9999
9999
9999
9999
Megan
Grant
2
7
9
22
9999
9999
9999
9999
9999
9999
9999
9999
9999
9999
9999
9999
Heather
Greene
9999
9999
9999
9999
9999
9999
9999
9999
9999
9999
9999
9999
9999
9999
9999
9999
Jackson
Guin
2
9
28
9999
9999
9999
9999
9999
9999
9999
9999
9999
9999
9999
9999
9999
Emma
Guyette
9999
9999
9999
9999
9999
9999
9999
9999
9999
9999
9999
9999
9999
9999
9999
9999
Carly
Hallenbeck
2
6
7
9
22
23
9999
9999
9999
9999
9999
9999
9999
9999
9999
9999
James
Harding
29
9999
9999
9999
9999
9999
9999
9999
9999
9999
9999
9999
9999
9999
9999
9999
Hannah
Kelleher
2
23
9999
9999
9999
9999
9999
9999
9999
9999
9999
9999
9999
9999
9999
9999
Cassie
Kudlay
11
12
13
14
18
19
20
9999
9999
9999
9999
9999
9999
9999
9999
9999
Lindsay
Kuglar
7
9
10
12
19
9999
9999
9999
9999
9999
9999
9999
9999
9999
9999
9999
Kayla
Kurland-Davis
9999
9999
9999
9999
9999
9999
9999
9999
9999
9999
9999
9999
9999
9999
9999
9999
Spencer
Laffond
21
24
26
27
9999
9999
9999
9999
9999
9999
9999
9999
9999
9999
9999
9999
Sequoia
LeBroux
4
9999
9999
9999
9999
9999
9999
9999
9999
9999
9999
9999
9999
9999
9999
9999
Hope
Lively
6
23
9999
9999
9999
9999
9999
9999
9999
9999
9999
9999
9999
9999
9999
9999
Sarah
Malone
11
12
13
15
16
17
19
20
9999
9999
9999
9999
9999
9999
9999
9999
Lief
Miraglia
13
18
9999
9999
9999
9999
9999
9999
9999
9999
9999
9999
9999
9999
9999
9999
Aaron
Nelson
9999
9999
9999
9999
9999
9999
9999
9999
9999
9999
9999
9999
9999
9999
9999
9999
Jannelle
O'Connell
2
5
8
23
26
9999
9999
9999
9999
9999
9999
9999
9999
9999
9999
9999
Cam
Olanyk
9
21
9999
9999
9999
9999
9999
9999
9999
9999
9999
9999
9999
9999
9999
9999
Isabelle
Ovitt
5
6
7
23
25
9999
9999
9999
9999
9999
9999
9999
9999
9999
9999
9999
Issac
Paige
7
12
14
19
21
9999
9999
9999
9999
9999
9999
9999
9999
9999
9999
9999
Joshua
Paige
12
18
9999
9999
9999
9999
9999
9999
9999
9999
9999
9999
9999
9999
9999
9999
Austin
Pervechio
2
9
27
28
9999
9999
9999
9999
9999
9999
9999
9999
9999
9999
9999
9999
Sam
Rode
9
21
9999
9999
9999
9999
9999
9999
9999
9999
9999
9999
9999
9999
9999
9999
Kelsey
Scranton
22
23
9999
9999
9999
9999
9999
9999
9999
9999
9999
9999
9999
9999
9999
9999
Gabe
Seaver
2
6
28
9999
9999
9999
9999
9999
9999
9999
9999
9999
9999
9999
9999
9999
Juliette
Shean
9999
9999
9999
9999
9999
9999
9999
9999
9999
9999
9999
9999
9999
9999
9999
9999
Sally
Slowinski
9999
9999
9999
9999
9999
9999
9999
9999
9999
9999
9999
9999
9999
9999
9999
9999
Sam
Smithers
2
9
9999
9999
9999
9999
9999
9999
9999
9999
9999
9999
9999
9999
9999
9999
Brigit
Taylor
22
23
25
9999
9999
9999
9999
9999
9999
9999
9999
9999
9999
9999
9999
9999
Norah
Tower
2
5
6
7
23
9999
9999
9999
9999
9999
9999
9999
9999
9999
9999
9999
Erin
Townsley
11
12
13
14
17
19
20
9999
9999
9999
9999
9999
9999
9999
9999
9999
Stephen
Vaun-Haug
2
8
27
28
9999
9999
9999
9999
9999
9999
9999
9999
9999
9999
9999
9999
Justin
Ward
2
9
9999
9999
9999
9999
9999
9999
9999
9999
9999
9999
9999
9999
9999
9999
Eli
Whickland-Shearer
9999
9999
9999
9999
9999
9999
9999
9999
9999
9999
9999
9999
9999
9999
9999
9999
Brianna
Willis
2
5
7
23
25
9999
9999
9999
9999
9999
9999
9999
9999
9999
9999
9999
Colton
Yezerski
2
6
28
9999
9999
9999
9999
9999
9999
9999
9999
9999
9999
9999
9999
9999
Abigail
Boswell
0
2
9
9999
9999
9999
9999
9999
9999
9999
9999
9999
9999
9999
9999
9999
Maximillian
Car
9999
9999
9999
9999
9999
9999
9999
9999
9999
9999
9999
9999
9999
9999
9999
9999
Jessie
Clark
2
9
9999
9999
9999
9999
9999
9999
9999
9999
9999
9999
9999
9999
9999
9999
Zachary
Coburn
2
21
9999
9999
9999
9999
9999
9999
9999
9999
9999
9999
9999
9999
9999
9999
Brianna
Coruier
9999
9999
9999
9999
9999
9999
9999
9999
9999
9999
9999
9999
9999
9999
9999
9999
Tori
Cusimano
10
11
9999
9999
9999
9999
9999
9999
9999
9999
9999
9999
9999
9999
9999
9999
Mahalia
Dean
11
12
9999
9999
9999
9999
9999
9999
9999
9999
9999
9999
9999
9999
9999
9999
Seth
Donovan
2
9
9999
9999
9999
9999
9999
9999
9999
9999
9999
9999
9999
9999
9999
9999
Olivia
Dubrule
2
3
5
7
8
25
9999
9999
9999
9999
9999
9999
9999
9999
9999
9999
Riley
Dupree
9999
9999
9999
9999
9999
9999
9999
9999
9999
9999
9999
9999
9999
9999
9999
9999
Loyd
Ellis
9999
9999
9999
9999
9999
9999
9999
9999
9999
9999
9999
9999
9999
9999
9999
9999
Matthew
Jimal
2
6
21
27
9999
9999
9999
9999
9999
9999
9999
9999
9999
9999
9999
9999
Hunter
Alan
9999
9999
9999
9999
9999
9999
9999
9999
9999
9999
9999
9999
9999
9999
9999
9999
Sarah
Gokey
9999
9999
9999
9999
9999
9999
9999
9999
9999
9999
9999
9999
9999
9999
9999
9999
Zachary
Gooden
9999
9999
9999
9999
9999
9999
9999
9999
9999
9999
9999
9999
9999
9999
9999
9999
Adam
Hallenbeck
6
12
17
20
9999
9999
9999
9999
9999
9999
9999
9999
9999
9999
9999
9999
Jonathan
Herbert
9999
9999
9999
9999
9999
9999
9999
9999
9999
9999
9999
9999
9999
9999
9999
9999
Geneva
Hobbs
9999
9999
9999
9999
9999
9999
9999
9999
9999
9999
9999
9999
9999
9999
9999
9999
Ada
J-C
9999
9999
9999
9999
9999
9999
9999
9999
9999
9999
9999
9999
9999
9999
9999
9999
Kaylee
Kelleher
11
12
9999
9999
9999
9999
9999
9999
9999
9999
9999
9999
9999
9999
9999
9999
Christina
Lively
2
26
9999
9999
9999
9999
9999
9999
9999
9999
9999
9999
9999
9999
9999
9999
Hayley
Lowell
9
22
9999
9999
9999
9999
9999
9999
9999
9999
9999
9999
9999
9999
9999
9999
Makenzie
Mahew
9999
9999
9999
9999
9999
9999
9999
9999
9999
9999
9999
9999
9999
9999
9999
9999
Daneil
Minor
25
26
9999
9999
9999
9999
9999
9999
9999
9999
9999
9999
9999
9999
9999
9999
Emma
Nusante
9999
9999
9999
9999
9999
9999
9999
9999
9999
9999
9999
9999
9999
9999
9999
9999
Kayla
Baus
23
9999
9999
9999
9999
9999
9999
9999
9999
9999
9999
9999
9999
9999
9999
9999
Cy
Farra
6
9
19
21
22
28
9999
9999
9999
9999
9999
9999
9999
9999
9999
9999
Kelsey
Grover
3
22
23
25
9999
9999
9999
9999
9999
9999
9999
9999
9999
9999
9999
9999
Zach
Arfa
11
12
9999
9999
9999
9999
9999
9999
9999
9999
9999
9999
9999
9999
9999
9999
Lexy
Boron-Smith
23
9999
9999
9999
9999
9999
9999
9999
9999
9999
9999
9999
9999
9999
9999
9999
Julian
Diamond
9999
9999
9999
9999
9999
9999
9999
9999
9999
9999
9999
9999
9999
9999
9999
9999
Dan
Burke
2
6
27
28
9999
9999
9999
9999
9999
9999
9999
9999
9999
9999
9999
9999
Taylor
Brown
7
9
10
9999
9999
9999
9999
9999
9999
9999
9999
9999
9999
9999
9999
9999
Eddie
Muenkle
21
28
9999
9999
9999
9999
9999
9999
9999
9999
9999
9999
9999
9999
9999
9999
Amar
Abbatiello
11
12
20
21
9999
9999
9999
9999
9999
9999
9999
9999
9999
9999
9999
9999
Nifasof
sfxzczxc
9999
9999
9999
9999
9999
9999
9999
9999
9999
9999
9999
9999
9999
9999
9999
9999
