Nikolai 
Anzuoni
83
85
9999
9999
9999
9999
9999
9999
9999
9999
9999
9999
9999
9999
9999
9999
Griffin
Bakey
69
91
93
9999
9999
9999
9999
9999
9999
9999
9999
9999
9999
9999
9999
9999
Noah 
Blakeslee
82
83
85
86
87
88
90
9999
9999
9999
9999
9999
9999
9999
9999
9999
Kyle 
Brooks
98
9999
9999
9999
9999
9999
9999
9999
9999
9999
9999
9999
9999
9999
9999
9999
Holly 
Brown
9999
9999
9999
9999
9999
9999
9999
9999
9999
9999
9999
9999
9999
9999
9999
9999
Nick 
Brown
76
77
85
96
9999
9999
9999
9999
9999
9999
9999
9999
9999
9999
9999
9999
Calab 
Browning
82
84
85
86
88
90
96
9999
9999
9999
9999
9999
9999
9999
9999
9999
Tasha 
Buntin
77
96
9999
9999
9999
9999
9999
9999
9999
9999
9999
9999
9999
9999
9999
9999
JJ 
Burt
69
76
9999
9999
9999
9999
9999
9999
9999
9999
9999
9999
9999
9999
9999
9999
Angela 
Celli
76
77
80
81
9999
9999
9999
9999
9999
9999
9999
9999
9999
9999
9999
9999
Eliza 
Chaput
9999
9999
9999
9999
9999
9999
9999
9999
9999
9999
9999
9999
9999
9999
9999
9999
Rachael 
Chapline
9999
9999
9999
9999
9999
9999
9999
9999
9999
9999
9999
9999
9999
9999
9999
9999
Avery 
Crawford
85
9999
9999
9999
9999
9999
9999
9999
9999
9999
9999
9999
9999
9999
9999
9999
Liam 
Datres 
9999
9999
9999
9999
9999
9999
9999
9999
9999
9999
9999
9999
9999
9999
9999
9999
Samantha 
Davis
96
9999
9999
9999
9999
9999
9999
9999
9999
9999
9999
9999
9999
9999
9999
9999
John 
Dawicki
96
9999
9999
9999
9999
9999
9999
9999
9999
9999
9999
9999
9999
9999
9999
9999
Alex 
Dekoshack
77
78
92
9999
9999
9999
9999
9999
9999
9999
9999
9999
9999
9999
9999
9999
Dorgie 
Dohma
85
9999
9999
9999
9999
9999
9999
9999
9999
9999
9999
9999
9999
9999
9999
9999
Andrew 
Doty
100
9999
9999
9999
9999
9999
9999
9999
9999
9999
9999
9999
9999
9999
9999
9999
Cailin 
Duncan
69
71
74
75
81
82
84
85
9999
9999
9999
9999
9999
9999
9999
9999
Bethany 
Elwell
96
9999
9999
9999
9999
9999
9999
9999
9999
9999
9999
9999
9999
9999
9999
9999
Levin 
Finck
9999
9999
9999
9999
9999
9999
9999
9999
9999
9999
9999
9999
9999
9999
9999
9999
Ashley 
Fox
95
96
9999
9999
9999
9999
9999
9999
9999
9999
9999
9999
9999
9999
9999
9999
Aimee 
Funk
72
76
80
9999
9999
9999
9999
9999
9999
9999
9999
9999
9999
9999
9999
9999
Briel 
Gibson
9999
9999
9999
9999
9999
9999
9999
9999
9999
9999
9999
9999
9999
9999
9999
9999
Olivia 
Girard
79
84
9999
9999
9999
9999
9999
9999
9999
9999
9999
9999
9999
9999
9999
9999
Halley 
Glier
72
80
9999
9999
9999
9999
9999
9999
9999
9999
9999
9999
9999
9999
9999
9999
Angelic 
Grey
75
77
92
9999
9999
9999
9999
9999
9999
9999
9999
9999
9999
9999
9999
9999
Brianna 
Gray
9999
9999
9999
9999
9999
9999
9999
9999
9999
9999
9999
9999
9999
9999
9999
9999
Bill 
Grey
90
100
9999
9999
9999
9999
9999
9999
9999
9999
9999
9999
9999
9999
9999
9999
Alex 
Harrington
73
79
9999
9999
9999
9999
9999
9999
9999
9999
9999
9999
9999
9999
9999
9999
Sam 
Harris- Fried
71
83
87
96
9999
9999
9999
9999
9999
9999
9999
9999
9999
9999
9999
9999
Makayla 
Hicks
74
9999
9999
9999
9999
9999
9999
9999
9999
9999
9999
9999
9999
9999
9999
9999
Carly 
Holmes
9999
9999
9999
9999
9999
9999
9999
9999
9999
9999
9999
9999
9999
9999
9999
9999
Gracie 
Kinsley
81
9999
9999
9999
9999
9999
9999
9999
9999
9999
9999
9999
9999
9999
9999
9999
Richie 
Lacoss
96
100
101
9999
9999
9999
9999
9999
9999
9999
9999
9999
9999
9999
9999
9999
Alyse 
Leonard
9999
9999
9999
9999
9999
9999
9999
9999
9999
9999
9999
9999
9999
9999
9999
9999
Allison 
Lull
76
85
9999
9999
9999
9999
9999
9999
9999
9999
9999
9999
9999
9999
9999
9999
Lucas 
Markham
80
95
9999
9999
9999
9999
9999
9999
9999
9999
9999
9999
9999
9999
9999
9999
Selena 
Martin
73
83
9999
9999
9999
9999
9999
9999
9999
9999
9999
9999
9999
9999
9999
9999
Hannah 
Monohan
81
82
83
87
9999
9999
9999
9999
9999
9999
9999
9999
9999
9999
9999
9999
Joe 
Mullen
96
9999
9999
9999
9999
9999
9999
9999
9999
9999
9999
9999
9999
9999
9999
9999
Natasha 
Olyank
9999
9999
9999
9999
9999
9999
9999
9999
9999
9999
9999
9999
9999
9999
9999
9999
Jake 
Orzechowski
100
9999
9999
9999
9999
9999
9999
9999
9999
9999
9999
9999
9999
9999
9999
9999
Desirae 
Palmer
77
95
9999
9999
9999
9999
9999
9999
9999
9999
9999
9999
9999
9999
9999
9999
Blaze
Pektosands
70
9999
9999
9999
9999
9999
9999
9999
9999
9999
9999
9999
9999
9999
9999
9999
Roxy 
Pektosands
95
96
9999
9999
9999
9999
9999
9999
9999
9999
9999
9999
9999
9999
9999
9999
Laura 
Purington
80
9999
9999
9999
9999
9999
9999
9999
9999
9999
9999
9999
9999
9999
9999
9999
Lucas 
Purington
78
100
9999
9999
9999
9999
9999
9999
9999
9999
9999
9999
9999
9999
9999
9999
Rachel 
Purington
70
80
9999
9999
9999
9999
9999
9999
9999
9999
9999
9999
9999
9999
9999
9999
Kaylee 
Queenville
77
96
9999
9999
9999
9999
9999
9999
9999
9999
9999
9999
9999
9999
9999
9999
Austin 
Reid
100
9999
9999
9999
9999
9999
9999
9999
9999
9999
9999
9999
9999
9999
9999
9999
Jameson 
Rice
92
100
9999
9999
9999
9999
9999
9999
9999
9999
9999
9999
9999
9999
9999
9999
Rachel 
Richardson
80
9999
9999
9999
9999
9999
9999
9999
9999
9999
9999
9999
9999
9999
9999
9999
Joe 
Roland
85
86
88
90
96
97
9999
9999
9999
9999
9999
9999
9999
9999
9999
9999
Sierra 
Rush
73
9999
9999
9999
9999
9999
9999
9999
9999
9999
9999
9999
9999
9999
9999
9999
Eliza 
Sagan
79
9999
9999
9999
9999
9999
9999
9999
9999
9999
9999
9999
9999
9999
9999
9999
Michael 
Schuetze
9999
9999
9999
9999
9999
9999
9999
9999
9999
9999
9999
9999
9999
9999
9999
9999
Jenna 
Sencabaugh
82
9999
9999
9999
9999
9999
9999
9999
9999
9999
9999
9999
9999
9999
9999
9999
Eric 
Shattack
70
100
9999
9999
9999
9999
9999
9999
9999
9999
9999
9999
9999
9999
9999
9999
Leigh 
Shippee
9999
9999
9999
9999
9999
9999
9999
9999
9999
9999
9999
9999
9999
9999
9999
9999
Issac 
Sissum
78
9999
9999
9999
9999
9999
9999
9999
9999
9999
9999
9999
9999
9999
9999
9999
Paige 
Slauenwhite
70
73
84
9999
9999
9999
9999
9999
9999
9999
9999
9999
9999
9999
9999
9999
Laura 
Spencer
84
9999
9999
9999
9999
9999
9999
9999
9999
9999
9999
9999
9999
9999
9999
9999
Crystal 
Stevens
80
9999
9999
9999
9999
9999
9999
9999
9999
9999
9999
9999
9999
9999
9999
9999
Amanda 
Taylor
72
76
9999
9999
9999
9999
9999
9999
9999
9999
9999
9999
9999
9999
9999
9999
Josh 
Taylor
77
78
80
92
94
9999
9999
9999
9999
9999
9999
9999
9999
9999
9999
9999
Brandon 
Vasquez
9999
9999
9999
9999
9999
9999
9999
9999
9999
9999
9999
9999
9999
9999
9999
9999
Matt 
Walsh
80
81
9999
9999
9999
9999
9999
9999
9999
9999
9999
9999
9999
9999
9999
9999
Laura 
Ward
70
9999
9999
9999
9999
9999
9999
9999
9999
9999
9999
9999
9999
9999
9999
9999
Sara 
Ward
9999
9999
9999
9999
9999
9999
9999
9999
9999
9999
9999
9999
9999
9999
9999
9999
Ashley 
Whalen
96
9999
9999
9999
9999
9999
9999
9999
9999
9999
9999
9999
9999
9999
9999
9999
Asia 
Whitaker
71
84
9999
9999
9999
9999
9999
9999
9999
9999
9999
9999
9999
9999
9999
9999
Caity 
Wilkins
9999
9999
9999
9999
9999
9999
9999
9999
9999
9999
9999
9999
9999
9999
9999
9999
Dylan 
Williams
9999
9999
9999
9999
9999
9999
9999
9999
9999
9999
9999
9999
9999
9999
9999
9999
Valentina 
Wrisley
80
96
9999
9999
9999
9999
9999
9999
9999
9999
9999
9999
9999
9999
9999
9999
Amar 
Abbatello
84
87
9999
9999
9999
9999
9999
9999
9999
9999
9999
9999
9999
9999
9999
9999
Zach 
Arfa
82
83
86
87
89
9999
9999
9999
9999
9999
9999
9999
9999
9999
9999
9999
Kayla 
Bauss
70
9999
9999
9999
9999
9999
9999
9999
9999
9999
9999
9999
9999
9999
9999
9999
Brianna 
Benz
100
9999
9999
9999
9999
9999
9999
9999
9999
9999
9999
9999
9999
9999
9999
9999
Lexie 
Boron-Smith
76
87
9999
9999
9999
9999
9999
9999
9999
9999
9999
9999
9999
9999
9999
9999
Madison 
Bucias
74
95
9999
9999
9999
9999
9999
9999
9999
9999
9999
9999
9999
9999
9999
9999
Taylor 
Brown
69
73
76
81
98
9999
9999
9999
9999
9999
9999
9999
9999
9999
9999
9999
Dan 
Burke
99
100
9999
9999
9999
9999
9999
9999
9999
9999
9999
9999
9999
9999
9999
9999
Sam 
Cairns
74
76
95
9999
9999
9999
9999
9999
9999
9999
9999
9999
9999
9999
9999
9999
Kylee 
Cole
87
9999
9999
9999
9999
9999
9999
9999
9999
9999
9999
9999
9999
9999
9999
9999
Erin 
Crosby
74
83
9999
9999
9999
9999
9999
9999
9999
9999
9999
9999
9999
9999
9999
9999
Jacob 
Cross
99
9999
9999
9999
9999
9999
9999
9999
9999
9999
9999
9999
9999
9999
9999
9999
Laurel 
Derose
9999
9999
9999
9999
9999
9999
9999
9999
9999
9999
9999
9999
9999
9999
9999
9999
Julian 
Diamond
9999
9999
9999
9999
9999
9999
9999
9999
9999
9999
9999
9999
9999
9999
9999
9999
Zachary 
Doyle
85
95
99
9999
9999
9999
9999
9999
9999
9999
9999
9999
9999
9999
9999
9999
Bruce 
Dupree
81
100
101
9999
9999
9999
9999
9999
9999
9999
9999
9999
9999
9999
9999
9999
Cyril 
Farar
72
78
9999
9999
9999
9999
9999
9999
9999
9999
9999
9999
9999
9999
9999
9999
Jonathan 
Garcia
78
98
9999
9999
9999
9999
9999
9999
9999
9999
9999
9999
9999
9999
9999
9999
Meagan 
Grant
78
98
9999
9999
9999
9999
9999
9999
9999
9999
9999
9999
9999
9999
9999
9999
Heather 
Green
9999
9999
9999
9999
9999
9999
9999
9999
9999
9999
9999
9999
9999
9999
9999
9999
Kelsey 
Grover
72
78
9999
9999
9999
9999
9999
9999
9999
9999
9999
9999
9999
9999
9999
9999
Jackson 
Guin
9999
9999
9999
9999
9999
9999
9999
9999
9999
9999
9999
9999
9999
9999
9999
9999
Emma 
Guiyette
9999
9999
9999
9999
9999
9999
9999
9999
9999
9999
9999
9999
9999
9999
9999
9999
Carly 
Hallenbeck
78
95
9999
9999
9999
9999
9999
9999
9999
9999
9999
9999
9999
9999
9999
9999
James 
Harding
80
81
9999
9999
9999
9999
9999
9999
9999
9999
9999
9999
9999
9999
9999
9999
Rcheal 
Heil
9999
9999
9999
9999
9999
9999
9999
9999
9999
9999
9999
9999
9999
9999
9999
9999
Cherokee 
Hunt
78
9999
9999
9999
9999
9999
9999
9999
9999
9999
9999
9999
9999
9999
9999
9999
Aaron 
JW
72
9999
9999
9999
9999
9999
9999
9999
9999
9999
9999
9999
9999
9999
9999
9999
Hannah 
Kelleher
72
9999
9999
9999
9999
9999
9999
9999
9999
9999
9999
9999
9999
9999
9999
9999
Catherine 
Kudlay
82
83
84
87
9999
9999
9999
9999
9999
9999
9999
9999
9999
9999
9999
9999
Lindsay 
Cuglar
73
79
81
9999
9999
9999
9999
9999
9999
9999
9999
9999
9999
9999
9999
9999
Kayla
Curlin Davis
81
9999
9999
9999
9999
9999
9999
9999
9999
9999
9999
9999
9999
9999
9999
9999
Spencer 
Lafon
99
101
9999
9999
9999
9999
9999
9999
9999
9999
9999
9999
9999
9999
9999
9999
Sequia 
Lebroux 
9999
9999
9999
9999
9999
9999
9999
9999
9999
9999
9999
9999
9999
9999
9999
9999
Hope 
Lively
72
76
9999
9999
9999
9999
9999
9999
9999
9999
9999
9999
9999
9999
9999
9999
Sarah 
Malone
82
83
84
86
87
90
9999
9999
9999
9999
9999
9999
9999
9999
9999
9999
Taylor 
McCloud
9999
9999
9999
9999
9999
9999
9999
9999
9999
9999
9999
9999
9999
9999
9999
9999
Leaf 
Miraglia
77
80
85
86
9999
9999
9999
9999
9999
9999
9999
9999
9999
9999
9999
9999
Eddi 
Muncol
9999
9999
9999
9999
9999
9999
9999
9999
9999
9999
9999
9999
9999
9999
9999
9999
Aaron 
Nelson
9999
9999
9999
9999
9999
9999
9999
9999
9999
9999
9999
9999
9999
9999
9999
9999
Denis 
Odah
94
9999
9999
9999
9999
9999
9999
9999
9999
9999
9999
9999
9999
9999
9999
9999
Janell 
Oconell
70
99
9999
9999
9999
9999
9999
9999
9999
9999
9999
9999
9999
9999
9999
9999
Cam 
Olanyk
72
76
9999
9999
9999
9999
9999
9999
9999
9999
9999
9999
9999
9999
9999
9999
Isabelle 
Ouilt
9999
9999
9999
9999
9999
9999
9999
9999
9999
9999
9999
9999
9999
9999
9999
9999
Joshua 
Page
88
9999
9999
9999
9999
9999
9999
9999
9999
9999
9999
9999
9999
9999
9999
9999
Issac 
Page
93
94
9999
9999
9999
9999
9999
9999
9999
9999
9999
9999
9999
9999
9999
9999
Austin 
Perviccio
76
100
9999
9999
9999
9999
9999
9999
9999
9999
9999
9999
9999
9999
9999
9999
Alex 
Puringt0n
99
101
9999
9999
9999
9999
9999
9999
9999
9999
9999
9999
9999
9999
9999
9999
Maddie 
Roccio
72
95
9999
9999
9999
9999
9999
9999
9999
9999
9999
9999
9999
9999
9999
9999
Sam 
Rhode
9999
9999
9999
9999
9999
9999
9999
9999
9999
9999
9999
9999
9999
9999
9999
9999
Keon 
Rosario
85
9999
9999
9999
9999
9999
9999
9999
9999
9999
9999
9999
9999
9999
9999
9999
David 
Rose
70
76
80
9999
9999
9999
9999
9999
9999
9999
9999
9999
9999
9999
9999
9999
Kelsey 
Scranton
72
76
95
98
9999
9999
9999
9999
9999
9999
9999
9999
9999
9999
9999
9999
Gabe 
Seaver
72
99
100
9999
9999
9999
9999
9999
9999
9999
9999
9999
9999
9999
9999
9999
Juliette 
Sheen
80
81
9999
9999
9999
9999
9999
9999
9999
9999
9999
9999
9999
9999
9999
9999
Tylor 
Synistor
69
77
9999
9999
9999
9999
9999
9999
9999
9999
9999
9999
9999
9999
9999
9999
Sallie 
Slowinski
9999
9999
9999
9999
9999
9999
9999
9999
9999
9999
9999
9999
9999
9999
9999
9999
Sam 
Smithers
9999
9999
9999
9999
9999
9999
9999
9999
9999
9999
9999
9999
9999
9999
9999
9999
Brigitte 
Taylor
72
95
9999
9999
9999
9999
9999
9999
9999
9999
9999
9999
9999
9999
9999
9999
Norah 
Tower
9999
9999
9999
9999
9999
9999
9999
9999
9999
9999
9999
9999
9999
9999
9999
9999
Aaron 
Townsley
82
83
84
87
9999
9999
9999
9999
9999
9999
9999
9999
9999
9999
9999
9999
Steven 
VonHaug
77
98
99
9999
9999
9999
9999
9999
9999
9999
9999
9999
9999
9999
9999
9999
Justin 
Ward
99
9999
9999
9999
9999
9999
9999
9999
9999
9999
9999
9999
9999
9999
9999
9999
Eli 
shearererererer
87
88
9999
9999
9999
9999
9999
9999
9999
9999
9999
9999
9999
9999
9999
9999
Brianna 
Willis
95
9999
9999
9999
9999
9999
9999
9999
9999
9999
9999
9999
9999
9999
9999
9999
Colton 
Yezerski
9999
9999
9999
9999
9999
9999
9999
9999
9999
9999
9999
9999
9999
9999
9999
9999
Abby 
Boswell
69
9999
9999
9999
9999
9999
9999
9999
9999
9999
9999
9999
9999
9999
9999
9999
Max 
Carr
82
98
9999
9999
9999
9999
9999
9999
9999
9999
9999
9999
9999
9999
9999
9999
Jesse 
Clark
77
9999
9999
9999
9999
9999
9999
9999
9999
9999
9999
9999
9999
9999
9999
9999
Zach 
Coburn
9999
9999
9999
9999
9999
9999
9999
9999
9999
9999
9999
9999
9999
9999
9999
9999
Brianna 
Cormier
95
98
9999
9999
9999
9999
9999
9999
9999
9999
9999
9999
9999
9999
9999
9999
Tori 
Cusimano
81
82
9999
9999
9999
9999
9999
9999
9999
9999
9999
9999
9999
9999
9999
9999
Mahalia 
Dean
82
9999
9999
9999
9999
9999
9999
9999
9999
9999
9999
9999
9999
9999
9999
9999
Olivia 
Dubrule
73
77
9999
9999
9999
9999
9999
9999
9999
9999
9999
9999
9999
9999
9999
9999
Riley 
DuPree
76
9999
9999
9999
9999
9999
9999
9999
9999
9999
9999
9999
9999
9999
9999
9999
Ian 
Eckler
72
76
9999
9999
9999
9999
9999
9999
9999
9999
9999
9999
9999
9999
9999
9999
Matt 
Finck
76
99
9999
9999
9999
9999
9999
9999
9999
9999
9999
9999
9999
9999
9999
9999
Brendan 
Gerry
99
9999
9999
9999
9999
9999
9999
9999
9999
9999
9999
9999
9999
9999
9999
9999
Hunter 
Gibson
9999
9999
9999
9999
9999
9999
9999
9999
9999
9999
9999
9999
9999
9999
9999
9999
Sarah 
Gokey
99
9999
9999
9999
9999
9999
9999
9999
9999
9999
9999
9999
9999
9999
9999
9999
Zach 
Goodell
69
76
80
93
97
99
9999
9999
9999
9999
9999
9999
9999
9999
9999
9999
Chris 
Graves
76
85
9999
9999
9999
9999
9999
9999
9999
9999
9999
9999
9999
9999
9999
9999
Adam 
Hallenbeck
9999
9999
9999
9999
9999
9999
9999
9999
9999
9999
9999
9999
9999
9999
9999
9999
Jonathan 
Herbert
94
99
9999
9999
9999
9999
9999
9999
9999
9999
9999
9999
9999
9999
9999
9999
Geneva 
Hobbs
78
95
9999
9999
9999
9999
9999
9999
9999
9999
9999
9999
9999
9999
9999
9999
Kaylee 
Kelleher
82
83
84
9999
9999
9999
9999
9999
9999
9999
9999
9999
9999
9999
9999
9999
Christina 
Lively
9999
9999
9999
9999
9999
9999
9999
9999
9999
9999
9999
9999
9999
9999
9999
9999
Hayley 
Lowell
76
77
9999
9999
9999
9999
9999
9999
9999
9999
9999
9999
9999
9999
9999
9999
Mackenzie 
Mayhew
83
84
95
98
9999
9999
9999
9999
9999
9999
9999
9999
9999
9999
9999
9999
Danny 
Miner
72
98
9999
9999
9999
9999
9999
9999
9999
9999
9999
9999
9999
9999
9999
9999
Aidan 
Molloy
77
78
9999
9999
9999
9999
9999
9999
9999
9999
9999
9999
9999
9999
9999
9999
Isaiah 
Morales
76
9999
9999
9999
9999
9999
9999
9999
9999
9999
9999
9999
9999
9999
9999
9999
Emma 
Musante
70
79
9999
9999
9999
9999
9999
9999
9999
9999
9999
9999
9999
9999
9999
9999
Colleen 
Nye
95
98
9999
9999
9999
9999
9999
9999
9999
9999
9999
9999
9999
9999
9999
9999
Emily 
Page
72
9999
9999
9999
9999
9999
9999
9999
9999
9999
9999
9999
9999
9999
9999
9999
Sara 
Paige
70
87
9999
9999
9999
9999
9999
9999
9999
9999
9999
9999
9999
9999
9999
9999
Hannah 
Poplawski
72
76
9999
9999
9999
9999
9999
9999
9999
9999
9999
9999
9999
9999
9999
9999
Bruin 
Pratt
98
99
9999
9999
9999
9999
9999
9999
9999
9999
9999
9999
9999
9999
9999
9999
Sophie 
Raphael
72
74
9999
9999
9999
9999
9999
9999
9999
9999
9999
9999
9999
9999
9999
9999
Tyler 
Rice
9999
9999
9999
9999
9999
9999
9999
9999
9999
9999
9999
9999
9999
9999
9999
9999
Aidan 
Sandvik
9999
9999
9999
9999
9999
9999
9999
9999
9999
9999
9999
9999
9999
9999
9999
9999
Rebecca 
Scranton
99
100
9999
9999
9999
9999
9999
9999
9999
9999
9999
9999
9999
9999
9999
9999
Dylan 
Sheldon
82
9999
9999
9999
9999
9999
9999
9999
9999
9999
9999
9999
9999
9999
9999
9999
Alex 
Shippee
72
76
9999
9999
9999
9999
9999
9999
9999
9999
9999
9999
9999
9999
9999
9999
Autumn 
Smith
9999
9999
9999
9999
9999
9999
9999
9999
9999
9999
9999
9999
9999
9999
9999
9999
Torsten 
Anderson
9999
9999
9999
9999
9999
9999
9999
9999
9999
9999
9999
9999
9999
9999
9999
9999
Austin 
Speegle
77
99
9999
9999
9999
9999
9999
9999
9999
9999
9999
9999
9999
9999
9999
9999
Danny 
Szafran
9999
9999
9999
9999
9999
9999
9999
9999
9999
9999
9999
9999
9999
9999
9999
9999
Angela 
Szewczyk
72
76
9999
9999
9999
9999
9999
9999
9999
9999
9999
9999
9999
9999
9999
9999
Devon 
Taylor
99
9999
9999
9999
9999
9999
9999
9999
9999
9999
9999
9999
9999
9999
9999
9999
Christina 
Tiberii
83
87
9999
9999
9999
9999
9999
9999
9999
9999
9999
9999
9999
9999
9999
9999
Alexis 
Vasquez
70
76
9999
9999
9999
9999
9999
9999
9999
9999
9999
9999
9999
9999
9999
9999
Ben 
White
9999
9999
9999
9999
9999
9999
9999
9999
9999
9999
9999
9999
9999
9999
9999
9999
